 0.251852301045148  0.353553279267379  0.000000000000000  0.763762615825974 0.000000000000000 -0.198618841958864 -0.148731478835068 -0.408248290463863
 0.251852301045148  0.353553279267380  0.338706236499596 -0.545544725589981 -0.413512238114623 -0.198618841958865 -0.148731478835068 -0.408248290463863
 0.307135863135225 -0.353554169865140 -0.338706236499596 -0.218217890235992 0.413512238114624 -0.449661334595278  0.280127997024834 -0.408248290463863
 0.251852301045148  0.353553279267380  0.377672154816711 -0.109108945117996 0.654822353699592 -0.198618841958864 -0.148731478835068  0.408248290463863
 0.251852301045148  0.353553279267380 -0.716378391316308 -0.109108945117996 -0.241310115584968 -0.198618841958865 -0.148731478835068  0.408248290463863
 0.307135863135225 -0.353554169865140  0.338706236499596  0.218217890235992 -0.413512238114623 -0.449661334595278  0.280127997024834  0.408248290463863
 0.693065045785239 -0.000000629741370  0.000000000000000  0.000000000000000 0.000000000000000  0.657506641745464  0.295543327400417  0.000000000000000
 0.277988559649713 -0.499999212818057  0.000000000000000  0.000000000000000 0.000000000000000  0.074139104906033 -0.816839360589910  0.000000000000000

3.179816247727410 0.000000000000000 0.000000000000000 0.000000000000000 0.000000000000000 0.000000000000000 0.000000000000000 0.000000000000000 0.000000000000000
0.000000000000000 1.999998740511710 0.000000000000000 0.000000000000000 0.000000000000000 0.000000000000000 0.000000000000000 0.000000000000000 0.000000000000000
0.000000000000000 0.000000000000000 1.732050807568880 0.000000000000000 0.000000000000000 0.000000000000000 0.000000000000000 0.000000000000000 0.000000000000000
0.000000000000000 0.000000000000000 0.000000000000000 1.732050807568880 0.000000000000000 0.000000000000000 0.000000000000000 0.000000000000000 0.000000000000000
0.000000000000000 0.000000000000000 0.000000000000000 0.000000000000000 1.732050807568880 0.000000000000000 0.000000000000000 0.000000000000000 0.000000000000000
0.000000000000000 0.000000000000000 0.000000000000000 0.000000000000000 0.000000000000000 1.606968742723250 0.000000000000000 0.000000000000000 0.000000000000000
0.000000000000000 0.000000000000000 0.000000000000000 0.000000000000000 0.000000000000000 0.000000000000000 0.553520392533872 0.000000000000000 0.000000000000000
0.000000000000000 0.000000000000000 0.000000000000000 0.000000000000000 0.000000000000000 0.000000000000000 0.000000000000000 0.000000000000000 0.000000000000000

 0.466644612420838  0.158406826951177  0.175792599518880  0.158406826951177 0.466644612420838  0.175792599518880  0.175792599518880  0.175792599518880 0.625050408819409
 0.353553056622076  0.353553501915628 -0.000000445299161  0.353553501915628 0.353553056622075 -0.000000445299161 -0.000000445299161 -0.000000445299161 -0.707107003834621
 0.218049120248854  0.413601257068101  0.022496983429608 -0.413601257068101 -0.218049120248854 -0.609153393887348  0.195552136819247  0.391104273638494 0.000000000000000
 0.377964473009227 -0.377964473009227 -0.188982236504613  0.377964473009227 -0.377964473009227 -0.188982236504613  0.566946709513841 -0.188982236504613 -0.000000000000001
 0.378061862179843  0.139320460191161  0.616803264168526 -0.139320460191161 -0.378061862179844  0.099420941797522 -0.238741401988682 -0.477482803977365 0.000000000000000
 0.331440662002256 -0.247196895220594 -0.403418037525443 -0.247196895220594 0.331440662002254 -0.403418037525444 -0.403418037525444 -0.403418037525444 0.084244365545057
 0.217692740860370 -0.537401984971915  0.237383337564614 -0.537401984971916 0.217692740860371  0.237383337564615  0.237383337564615  0.237383337564614 -0.319710116256315
-0.218696675763302  0.344729503635456 -0.126032827872154 -0.344729503635456 0.218696675763302  0.126032827872153  0.563426179398758 -0.563426179398758 0.000000000000000
 0.000000000000000  0.000000000000000  0.000000000000000  0.000000000000000 -0.101250744490768  0.000000000000000  0.000000000000000 -0.476190476190476 -7.993987350747330
