G matrix: 
      1       0       0       1       0       0       1       0       0 
      0       1       0       0       1       0       0       1       0 
      0       0       1       0       0       1       0       0       1 
      1       1       1       0       0       0       0       0       0 
      0       0       0       1       1       1       0       0       0 
      0       0       0       0       0       0       1       1       1 
  1.414       0       0       0   1.414       0       0       0   1.414 
      0       0       0       0       0       0       0       0   1.414 
True model: 
   -1     1    -1 
    1    -1     1 
   -1     1    -1 

Travel times computed from G and the true model: 
      -1        1       -1       -1        1       -1   -4.243   -1.414 

Generalized inverse of G:
  0.1667  -0.1667        0   0.1667  -0.1667        0   0.3536  -0.3536 
 0.08333   0.4167    -0.25   0.4167  0.08333    -0.25  -0.3536   0.7071 
-0.08333 -0.08333   0.4167     0.25 -0.08333  0.08333        0  -0.3536 
  0.4167  0.08333    -0.25  0.08333   0.4167    -0.25  -0.3536   0.7071 
 -0.1667   0.1667        0  -0.1667   0.1667        0   0.3536  -0.3536 
-0.08333 -0.08333   0.4167 -0.08333     0.25  0.08333        0  -0.3536 
    0.25 -0.08333  0.08333 -0.08333 -0.08333   0.4167        0  -0.3536 
-0.08333     0.25  0.08333 -0.08333 -0.08333   0.4167        0  -0.3536 
       0        0        0        0        0        0        0   0.7071 

recovered model: 
  -1.667        1  -0.3333 
       1  -0.3333   0.3333 
 -0.3333   0.3333       -1 

Difference between true and recovered model: 
 -0.6667        0   0.6667 
       0   0.6667  -0.6667 
  0.6667  -0.6667        0 

Covariance: 
 0.3611  -0.375  0.1806  -0.375  0.1389 0.06945  0.1806 0.06945   -0.25 
 -0.375   1.111 -0.3194  0.8889  -0.375 -0.4306 -0.4306 -0.3194     0.5 
 0.1806 -0.3194  0.3889 -0.4306 0.06945  0.2778  0.1667  0.1667   -0.25 
 -0.375  0.8889 -0.4306   1.111  -0.375 -0.3194 -0.3194 -0.4306     0.5 
 0.1389  -0.375 0.06945  -0.375  0.3611  0.1806 0.06945  0.1806   -0.25 
0.06945 -0.4306  0.2778 -0.3194  0.1806  0.3889  0.1667  0.1667   -0.25 
 0.1806 -0.4306  0.1667 -0.3194 0.06945  0.1667  0.3889  0.2778   -0.25 
0.06945 -0.3194  0.1667 -0.4306  0.1806  0.1667  0.2778  0.3889   -0.25 
  -0.25     0.5   -0.25     0.5   -0.25   -0.25   -0.25   -0.25     0.5 
